"C:\Program Files\Java\jdk-10.0.1\bin\java.exe" "-javaagent:C:\Program Files\JetBrains\IntelliJ IDEA Community Edition 2018.2.3\lib\idea_rt.jar=54796:C:\Program Files\JetBrains\IntelliJ IDEA Community Edition 2018.2.3\bin" -Dfile.encoding=UTF-8 -classpath C:\Users\dougw\IdeaProjects\Tester\out\production\Tester Main
Single loop
0
1
2
3
4
5
6
7
8
9

Nested loop
(0,0)
(0,1)
(0,2)
(0,3)
(0,4)
(0,5)
(0,6)
(0,7)
(0,8)
(0,9)
(1,0)
(1,1)
(1,2)
(1,3)
(1,4)
(1,5)
(1,6)
(1,7)
(1,8)
(1,9)
(2,0)
(2,1)
(2,2)
(2,3)
(2,4)
(2,5)
(2,6)
(2,7)
(2,8)
(2,9)
(3,0)
(3,1)
(3,2)
(3,3)
(3,4)
(3,5)
(3,6)
(3,7)
(3,8)
(3,9)
(4,0)
(4,1)
(4,2)
(4,3)
(4,4)
(4,5)
(4,6)
(4,7)
(4,8)
(4,9)
(5,0)
(5,1)
(5,2)
(5,3)
(5,4)
(5,5)
(5,6)
(5,7)
(5,8)
(5,9)
(6,0)
(6,1)
(6,2)
(6,3)
(6,4)
(6,5)
(6,6)
(6,7)
(6,8)
(6,9)
(7,0)
(7,1)
(7,2)
(7,3)
(7,4)
(7,5)
(7,6)
(7,7)
(7,8)
(7,9)
(8,0)
(8,1)
(8,2)
(8,3)
(8,4)
(8,5)
(8,6)
(8,7)
(8,8)
(8,9)
(9,0)
(9,1)
(9,2)
(9,3)
(9,4)
(9,5)
(9,6)
(9,7)
(9,8)
(9,9)

Building a grid:
	0:	1:	2:	3:	4:	5:	6:	7:	8:	9:
0:	0	0	0	0	0	0	0	0	0	0	
1:	0	1	2	3	4	5	6	7	8	9	
2:	0	2	4	6	8	10	12	14	16	18	
3:	0	3	6	9	12	15	18	21	24	27	
4:	0	4	8	12	16	20	24	28	32	36	
5:	0	5	10	15	20	25	30	35	40	45	
6:	0	6	12	18	24	30	36	42	48	54	
7:	0	7	14	21	28	35	42	49	56	63	
8:	0	8	16	24	32	40	48	56	64	72	
9:	0	9	18	27	36	45	54	63	72	81	

Process finished with exit code 0
